2.661071805041092912e-04
2.684935283537928652e-04
2.736417611672842904e-04
2.630382586046897436e-04
3.248858663545445996e-04
3.468565104431202677e-04
3.452954344612220645e-04
3.252504074172564712e-04
3.618250074913320711e-04
3.749144157766558434e-04
4.062983927313488846e-04
4.301223875304436206e-04
4.342953820139974904e-04
4.313685662720225531e-04
5.000747749290147121e-04
5.461974261443319550e-04
6.026358421137487618e-04
6.128600145893791946e-04
6.739821620107705209e-04
6.593921039712419534e-04
7.438427772503167180e-04
7.440674510834269619e-04
8.444566998368441225e-04
8.443161820715529417e-04
8.443483388062581960e-04
9.838664324095143521e-04
1.011270926973754361e-03
9.697834877310609371e-04
1.082457346970311417e-03
1.007981921061906023e-03
1.128392208168495009e-03
1.124819774157778673e-03
1.180700314019100458e-03
1.215696801050067909e-03
1.281837297917767142e-03
1.301941710754007768e-03
1.252745907502734188e-03
1.398283231659126075e-03
1.382346970565641970e-03
1.375010433585385555e-03
1.480871404780021708e-03
1.462124413192437272e-03
1.554662269460704025e-03
1.417728062732169112e-03
1.587846208069124609e-03
1.389251636912374388e-03
1.517556884630911910e-03
1.539141758576761032e-03
1.502107246271030833e-03
1.689220167492655120e-03
1.541706345650775255e-03
1.738315301838276204e-03
1.627123461227695861e-03
1.541072468452887910e-03
1.813364089817879948e-03
1.823272553554210629e-03
1.922812369761211105e-03
1.755976953408297861e-03
1.882829509865758481e-03
1.957145605953018209e-03
2.065211157551756754e-03
1.878571936620846306e-03
2.232215145520034024e-03
2.214551337668493793e-03
2.283086163450962977e-03
2.236719885439827221e-03
2.337766068819986838e-03
2.511152666506899587e-03
2.541268358060144207e-03
2.811504464084542756e-03
2.677829346798389111e-03
2.935341739610628983e-03
3.145316906965234249e-03
3.324825356095724091e-03
3.326485247509367287e-03
3.757653132576019728e-03
3.782656566727791558e-03
4.083572225829668924e-03
3.807374260489920954e-03
3.866090758204199489e-03
3.982908819001520530e-03
4.414535575320581787e-03
4.010163565734477242e-03
4.172063895357826235e-03
4.455181812197887836e-03
4.315593163120099406e-03
4.805275970827042366e-03
4.469570563531892124e-03
4.698951095925310052e-03
4.432498303365429125e-03
5.012385062697496778e-03
4.836716077515067734e-03
4.581198455605221820e-03
4.924986810097115378e-03
4.869155913817408039e-03
4.316926274649864927e-03
4.759848448017209820e-03
4.817153263151323882e-03
4.696581478319407539e-03
4.640493698153373529e-03
4.244114700448821560e-03
4.515996287864164349e-03
4.356324671282425440e-03
4.098019918503481226e-03
4.164903822483890204e-03
4.041448340538074738e-03
3.689270490463688896e-03
3.672874343382071926e-03
3.640980187603789966e-03
3.783750694095797985e-03
3.635210245073076246e-03
3.642749352129724498e-03
3.543521757936991378e-03
3.271801277303780595e-03
3.591509057213313622e-03
3.246236019991763887e-03
3.047692682056932483e-03
3.171924102551727537e-03
3.233000810068831655e-03
2.989176820791440096e-03
3.194913143940649510e-03
2.895225004386473358e-03
2.979739802611185324e-03
2.695066262314114308e-03
2.908457952151831481e-03
2.722366902453835554e-03
2.999048722930189922e-03
2.793978466812847838e-03
2.604113690050199187e-03
2.542612308424904190e-03
2.336030914026831443e-03
2.693886845352668879e-03
2.665649477895193874e-03
2.452671254130536511e-03
2.609341777537236683e-03
2.344535916452099994e-03
2.503947589588155064e-03
2.529520634504566021e-03
2.362574330676141515e-03
2.389965412320028786e-03
2.469562925249511789e-03
2.431904866937872108e-03
2.248115964438368759e-03
2.284665045566995015e-03
2.294361791899943593e-03
2.141760983078203409e-03
2.338460390334502238e-03
2.354594011862792650e-03
2.415836353047000687e-03
2.315731764392144326e-03
2.619616541425555389e-03
2.341893602272119169e-03
2.632995652625695626e-03
2.272528461505286031e-03
2.709191301786753256e-03
2.500813025709046171e-03
2.559575140387235388e-03
2.612663544615049550e-03
2.590946041758066844e-03
2.473272518276204389e-03
2.614750925909864292e-03
2.684514724407099668e-03
2.656557393368796233e-03
2.858645500637157534e-03
2.966488332663463814e-03
2.726515306306820721e-03
2.901538909774395089e-03
2.794024679411505341e-03
2.913294185128431982e-03
2.882015454703514348e-03
2.680588904555079085e-03
2.871127339749064179e-03
2.839398264941062500e-03
2.766568073012483711e-03
2.836854851127584409e-03
2.450737892103253390e-03
2.633818803042005299e-03
2.732023779613300223e-03
2.385671461741518517e-03
2.210699299616201638e-03
2.395725569274011202e-03
2.315551781389180684e-03
1.992867793991755319e-03
2.000512375157346024e-03
1.984451029733858961e-03
1.959292763766705761e-03
2.032498845125651522e-03
1.755256369331051596e-03
1.947278012565660304e-03
1.816625218314449515e-03
1.701602075456413446e-03
1.848907331898751649e-03
1.550352712027892009e-03
1.765701443601319252e-03
1.503683180176550128e-03
1.738072651529863058e-03
1.441163677186231866e-03
1.574454844598167967e-03
1.470209521936152383e-03
1.468966931377046169e-03
1.538813240330077657e-03
1.472278267200497880e-03
1.390566580765269407e-03
1.507578521418543628e-03
1.382490812872441558e-03
1.269865107482940313e-03
1.437852414999235160e-03
1.419327222195909633e-03
1.398539475792312308e-03
1.505820734903972474e-03
1.300676974595308929e-03
1.377014320572665608e-03
1.498525664000140145e-03
1.375656221097085359e-03
1.479957751411164904e-03
1.466843911100861432e-03
1.521049480391853262e-03
1.519889132683861907e-03
1.618629313461214352e-03
1.513461060916094234e-03
1.546057576929034047e-03
1.533294913870848503e-03
1.509519630354216706e-03
1.559141812052655370e-03
1.557578321971984014e-03
1.725824146579279465e-03
1.620998699419118989e-03
1.642125974934015168e-03
1.806095844757408522e-03
1.930576323204505080e-03
1.681462506986661090e-03
1.818997665475378511e-03
1.977923027384962708e-03
1.806856338422233726e-03
2.053390586296828350e-03
2.067262487476891585e-03
2.283369159086684301e-03
2.122011690724753905e-03
2.165087445446754136e-03
2.100935524256154936e-03
2.399416265979522397e-03
2.254431998009611901e-03
2.341197250911105417e-03
2.442915346298804233e-03
2.511530322098917949e-03
2.429335782169608510e-03
2.341132964810589603e-03
2.410153549240780842e-03
2.631524347582695367e-03
2.479675411781762095e-03
2.987868825424109132e-03
2.776341129977833062e-03
2.467718048453814133e-03
2.849115993486018000e-03
2.818043786104937765e-03
2.649625655555504916e-03
3.041660189532699714e-03
2.974121165438238772e-03
3.048869605266547444e-03
3.402244732149905821e-03
3.386236953216604974e-03
3.048231677850267440e-03
3.388793177339706041e-03
3.917002046254366814e-03
3.628506028933989845e-03
3.793006075517107566e-03
3.352740234782938204e-03
4.005961765904158395e-03
3.771505399160295612e-03
4.047703418591157114e-03
4.177799608753495798e-03
4.189866361814159786e-03
4.584640190906563197e-03
4.172329187626103685e-03
4.192033554891556706e-03
4.782491819567908156e-03
4.607264819346724820e-03
4.379587169353899717e-03
4.731221417684255970e-03
4.818100739848260421e-03
5.516357291600325861e-03
4.982212871627159090e-03
5.431806090297447431e-03
4.610197523411786909e-03
5.662081545372431475e-03
5.638899936463127698e-03
5.827758562550498962e-03
5.824441643730454872e-03
5.582222376223158929e-03
5.699045748851851861e-03
5.236770336514979911e-03
5.417952453224715754e-03
5.620981189104119237e-03
5.179248318367048014e-03
5.351808855506890589e-03
6.189941428262298907e-03
5.290615628433641311e-03
5.298087889067020460e-03
5.458220167653339734e-03
5.950835914029618291e-03
5.477273296049499536e-03
5.262388828232705297e-03
5.272519765520865265e-03
5.697067475231771573e-03
5.848695151961977833e-03
6.205280942218928397e-03
5.193418498832674812e-03
5.391489337058232197e-03
5.146892146323770942e-03
5.994839945765712344e-03
5.911556554688527851e-03
5.502189937345335242e-03
5.722643460845387373e-03
6.243336650631195126e-03
6.327794968154002581e-03
6.406497272361578316e-03
6.324404504194972715e-03
5.995704261244224308e-03
6.436274630032690590e-03
6.527553268685773458e-03
6.155964782870879982e-03
7.197374986227852295e-03
6.714553423087910033e-03
6.429855572915103325e-03
6.992719613626408037e-03
6.970550351322604525e-03
7.905258180570222046e-03
7.831547159749071077e-03
7.535790422594193690e-03
8.214655432398899199e-03
8.604191606186542551e-03
8.455936276070927238e-03
8.546983271162841497e-03
9.672950668092898316e-03
9.597570661240215073e-03
8.686188875499118583e-03
9.885785565384622164e-03
9.618605470954786144e-03
9.438490995027746730e-03
1.070685879675611560e-02
1.103549800609778149e-02
1.041597665303091273e-02
1.022245863564243823e-02
1.070462176882375910e-02
1.198109527793359864e-02
1.165618933996493377e-02
1.129314218411311445e-02
1.192230239732970480e-02
1.334770822686660342e-02
1.242952849905456895e-02
1.153266040082717193e-02
1.275953179116800194e-02
1.295699315313867533e-02
1.318698610150578245e-02
1.320622065388772290e-02
1.338050473914312484e-02
1.309587790876211993e-02
1.455128250783192800e-02
1.415533072707196062e-02
1.327966659696059801e-02
1.517247207488387276e-02
1.416042374531998986e-02
1.570809483478325871e-02
1.406788161343976683e-02
1.536527800426034512e-02
