2.446968197071576500e-04
2.877631638111411002e-04
2.766723363729006670e-04
2.580405352751419896e-04
3.191421933336644140e-04
3.256085672120433020e-04
3.563831524452152981e-04
3.629545667314085147e-04
3.869228952114802961e-04
4.336747055638541905e-04
4.223357863206963548e-04
4.610153001550287648e-04
5.103186940852483169e-04
5.263118627599149522e-04
5.953289089886174522e-04
6.117602714254067112e-04
6.023771288328139606e-04
6.437427735072154093e-04
6.613429086540981291e-04
7.730757940952107240e-04
7.585520946039184600e-04
7.864919719100554223e-04
8.362263014938097622e-04
8.945075958280740598e-04
8.636718463346242276e-04
9.552202514636988278e-04
9.157913250400050035e-04
1.016379290222667927e-03
9.906366503427790123e-04
1.119651807760234288e-03
1.043912551317090426e-03
1.139819969705063024e-03
1.199029962254198958e-03
1.179178416892699959e-03
1.139286656993673428e-03
1.304590624289938541e-03
1.227319493677721468e-03
1.187244534880513855e-03
1.190530507665813875e-03
1.313021906320164254e-03
1.260175639714471814e-03
1.185832733729008052e-03
1.280951794156645618e-03
1.274707842622572335e-03
1.450774636284761152e-03
1.307312566079061374e-03
1.490548495657353662e-03
1.351142193043154216e-03
1.470342885173183149e-03
1.456928533157864558e-03
1.568332091400498037e-03
1.484645154308205902e-03
1.517172370424752078e-03
1.602587380441683950e-03
1.696202933904369806e-03
1.722698351397760437e-03
1.834225228906677559e-03
1.818753773996136707e-03
1.842331848501748684e-03
1.903610430079224645e-03
2.025745589327023182e-03
2.189192894160093585e-03
2.061649817863061597e-03
2.175553935079175324e-03
2.496589049078106175e-03
2.454821256171533898e-03
2.664384984725981422e-03
2.539894370448142220e-03
2.694613398074247827e-03
2.903094976879637672e-03
2.723515536681920396e-03
2.961985550358868166e-03
3.260584200109064700e-03
3.296140713792241380e-03
3.356146355954839344e-03
3.454482414985374228e-03
3.798510187960418231e-03
3.823980979243359838e-03
3.964434934309325406e-03
3.990158384305672080e-03
3.934032382330104709e-03
4.006731236939261101e-03
3.694148601310064204e-03
3.807774540919753314e-03
4.293498574542886116e-03
3.946179686332732146e-03
4.017394252511702173e-03
4.343108473299482110e-03
3.889507052252071974e-03
3.951857724102923915e-03
3.826790951430707275e-03
4.334443904764520572e-03
4.179145215901506304e-03
3.832065027722951055e-03
3.395469546707314754e-03
3.578674074798499430e-03
3.987768962133499649e-03
3.651374535699573442e-03
3.531576530077158195e-03
3.618457334673783315e-03
3.285878681636559152e-03
3.290777138068759922e-03
3.486115032161852308e-03
3.662191777892068005e-03
3.268267894913267670e-03
3.039274245980384728e-03
3.147467017947913268e-03
3.223490153065056586e-03
3.116304293847312664e-03
3.090769277530667439e-03
2.994445160033650920e-03
2.741946865191103103e-03
2.800459117064388499e-03
3.195006299929267855e-03
2.728978769553296047e-03
2.823512430044050961e-03
2.838619873923561680e-03
3.051124818476424333e-03
2.737126596159981072e-03
2.813054304815925267e-03
2.502498166622629024e-03
2.378947481604614441e-03
2.580501438912708063e-03
2.546633508605385642e-03
2.639419512795802402e-03
2.583014574830561853e-03
2.377921543386563030e-03
2.362306433592082592e-03
2.301936907462988954e-03
2.273526079593315551e-03
2.255151898062980262e-03
2.541834615272705808e-03
2.526320922726538708e-03
2.529534132270700852e-03
2.263302905772216801e-03
2.530530490823670788e-03
2.168849762967133953e-03
2.124969799874869888e-03
2.186819915247254723e-03
2.294102735096443905e-03
2.426822117296322315e-03
2.344268716689060141e-03
2.341489611094029529e-03
2.226576703574518600e-03
2.325454252177536034e-03
2.487158546735330350e-03
2.578206526183005141e-03
2.342153697574473475e-03
2.536373524667131108e-03
2.614694765574094443e-03
2.777256964887531068e-03
2.833574543853328853e-03
2.818007010295644089e-03
2.782820356864300782e-03
2.884101813991622829e-03
2.558064625961171436e-03
2.916265322645938528e-03
2.850291847093405426e-03
2.993471672100395022e-03
2.782745601490145115e-03
2.908083820816169916e-03
2.797191949290223339e-03
2.929549077549038847e-03
2.938438559729815262e-03
2.944989519467109806e-03
2.900045972698189756e-03
2.934351527386923602e-03
2.667236443612574972e-03
2.785618765401404271e-03
2.684391040082592574e-03
2.661526603515946415e-03
2.504771752644355948e-03
2.711224393392272242e-03
2.546116936157892269e-03
2.439215402422507430e-03
2.406348855059597339e-03
2.234141733252501070e-03
2.464372600599793687e-03
1.978815117616173833e-03
2.104296742574032070e-03
2.249127293964594491e-03
1.899012688310723141e-03
1.821026816083400187e-03
1.904012353069046721e-03
1.826820821427752256e-03
1.715275384573823570e-03
1.860569076709742576e-03
1.585837274735968881e-03
1.761193989724341201e-03
1.682813452957314469e-03
1.646584064925167654e-03
1.740832642780132389e-03
1.636024004549985200e-03
1.568512602617372440e-03
1.563441532450262749e-03
1.567109273595793714e-03
1.768823056184775462e-03
1.622003425747700015e-03
1.600116505146669237e-03
1.450403071216677369e-03
1.457671640000137965e-03
1.491748842446102017e-03
1.453762454093276589e-03
1.556974033250121871e-03
1.415994692485035740e-03
1.575385977138648317e-03
1.584391326675064918e-03
1.452002539609666392e-03
1.550721055509227120e-03
1.552586253698462959e-03
1.555641130373920395e-03
1.689467538362118392e-03
1.653724902262840909e-03
1.765597245628583922e-03
1.554133086266615673e-03
1.774963265972623761e-03
1.735178495149435757e-03
1.820489512000452023e-03
1.728210487878925400e-03
1.843051142993290016e-03
2.030353086359470288e-03
1.846224832579970720e-03
1.974135792589539699e-03
1.967960272397060138e-03
2.000393197146054739e-03
1.891000048384043185e-03
2.210266303211609693e-03
2.127127693283979628e-03
2.502214483163389073e-03
2.428724018254419404e-03
2.450789552303478218e-03
2.315695725102882244e-03
2.319285887850740767e-03
2.547046463467018095e-03
2.539433583034053123e-03
2.817825315275042115e-03
2.761493168516358267e-03
2.820400951194114176e-03
2.927968936629088068e-03
2.982717381688588468e-03
3.113463558964057239e-03
2.715302123237436915e-03
3.197141752757859650e-03
3.020464344191199895e-03
3.075097979864292730e-03
3.069423902133240449e-03
3.125823289659424280e-03
3.251422976926113696e-03
3.286918794911571247e-03
3.387341994979992370e-03
3.196597456783561303e-03
3.372716697931799588e-03
3.590711838479236466e-03
3.633387314036954936e-03
3.773101273538394685e-03
3.904496700606073945e-03
4.106361791656759457e-03
4.179577062624707795e-03
4.478125408304251855e-03
4.273557627229578916e-03
4.530090644273170042e-03
4.585851462153425935e-03
4.721700983333011921e-03
4.634570846078068032e-03
5.043015833684286187e-03
4.892830508238136394e-03
5.104613158183925192e-03
5.440534267785134687e-03
5.182470770742797495e-03
5.519110026339312490e-03
5.543926738587425830e-03
5.895835057715827221e-03
5.612999075427047013e-03
5.872556976285514367e-03
5.704591214445350542e-03
5.888760722574519144e-03
6.629597943684349508e-03
6.536231372565801112e-03
6.603661712319281070e-03
6.432721688230658846e-03
6.137649113198775236e-03
6.646508923348848526e-03
6.112318991940928967e-03
7.073379566308117018e-03
6.420995701091609768e-03
6.663997597266994172e-03
6.842728942042503211e-03
7.445341504497282777e-03
6.547624957681769976e-03
6.607599846401516173e-03
7.375463860962922120e-03
7.058477492467352989e-03
6.705354762290057641e-03
7.023764379585730952e-03
7.359738956673161914e-03
7.033100790736990238e-03
7.553691606826854789e-03
6.995700044533760889e-03
7.160754734156237616e-03
6.920386724767277169e-03
7.164513507687737294e-03
6.800223758746807776e-03
7.008236535804649066e-03
6.269967316751750251e-03
6.382737745562644914e-03
7.177077370813940774e-03
6.669254918194276148e-03
7.555295428355716415e-03
6.937358121392354741e-03
7.580943429727452984e-03
7.579383200870267769e-03
7.337744091700320291e-03
7.851264205997290566e-03
7.742790093327023455e-03
8.445926234045959130e-03
8.367613125921900818e-03
8.151750115693232046e-03
8.644324543185763834e-03
8.126217964056336313e-03
8.703523158623794123e-03
9.133776551526071041e-03
9.913783039744938907e-03
9.608372453061262558e-03
9.483661509520707744e-03
1.048662544557393134e-02
9.728309602123126620e-03
1.065045876898192828e-02
1.047741159249391575e-02
1.116561542316034730e-02
1.082570280774134037e-02
1.013987401291836267e-02
1.189963338053776076e-02
1.237731289592751936e-02
1.185842352518355798e-02
1.242672323911214217e-02
1.124926534460571337e-02
1.294312694133251812e-02
1.351590289761170349e-02
1.301414333840232584e-02
1.384134938450220197e-02
1.342151833107734123e-02
1.291971179983096227e-02
1.394722187298286058e-02
1.288818665854770014e-02
1.380814319603014886e-02
1.314968704696059879e-02
1.432524173593307387e-02
1.351796074123716614e-02
1.497225090553340292e-02
1.544929188153558453e-02
1.453184094748226872e-02
1.404834764459111582e-02
1.453557907375908204e-02
1.626313472085529413e-02
1.524609817204577999e-02
1.612127316259876625e-02
1.418622601350153292e-02
1.446233617256637190e-02
1.473407558532670650e-02
1.420204262573643815e-02
1.563816899132163679e-02
1.511393804388860146e-02
1.564708593568631470e-02
1.493714111569038709e-02
1.469805627600308078e-02
