2.744323814966811602e-04
2.695065492952975926e-04
2.737308116677665505e-04
2.882213351786962305e-04
3.326337246162308810e-04
3.334455221714089528e-04
3.278130475301721677e-04
3.673581604652675675e-04
3.795796497065862256e-04
4.487726488928913565e-04
4.224391374136350890e-04
5.000855385408305761e-04
4.716862230770578262e-04
5.362479651545305195e-04
5.503240187714745395e-04
6.127170541381388863e-04
6.013148317716644937e-04
6.337814990617717621e-04
6.809670639435910777e-04
7.306364390276526679e-04
7.479566687487364338e-04
8.014481036997086116e-04
8.013114746951524071e-04
8.150714849973542380e-04
8.418178028515155417e-04
8.964653298076750293e-04
9.758620828953859516e-04
9.262913186979023633e-04
9.745732011003599513e-04
1.113952097097830512e-03
1.087768637832300239e-03
1.158441735921696917e-03
1.082483069628790767e-03
1.116445950910798434e-03
1.164680765374932238e-03
1.052614482197491465e-03
1.100765747228259163e-03
1.181480948292978157e-03
1.165440289956937809e-03
1.170551791340099929e-03
1.196103052127843935e-03
1.308069327684508463e-03
1.315151356114576927e-03
1.369905033355249590e-03
1.384516377330584445e-03
1.370438633689207092e-03
1.412300372204236629e-03
1.317791461280070145e-03
1.369387665259825214e-03
1.570997828841682762e-03
1.457478226229501394e-03
1.498400999956474170e-03
1.648519450070605333e-03
1.508624646290300650e-03
1.577918422645730465e-03
1.585274307243672359e-03
1.876437949156338492e-03
1.902903070810436350e-03
1.827655254838845634e-03
1.692945864309411104e-03
1.873982834505470317e-03
2.199944120135437307e-03
2.125399132583218748e-03
2.174730138201744038e-03
2.356255698773834176e-03
2.275240758729740482e-03
2.437367815030643849e-03
2.748208573884479682e-03
3.087447443075071098e-03
2.946842377504868809e-03
2.936184150149885250e-03
3.240764058946165368e-03
3.491165117155594320e-03
3.527315970380813081e-03
3.628111529193015633e-03
3.627703230361483278e-03
3.407349566689121898e-03
3.568217772903733466e-03
4.167919544063984801e-03
3.664905000820424443e-03
3.886835321211401604e-03
3.988114328067550625e-03
4.367641633253462920e-03
4.003066826414027925e-03
4.189536107635235575e-03
3.817421485490619156e-03
3.710080623052493861e-03
4.093109792267068947e-03
4.109484885476144718e-03
4.322804836582476440e-03
4.270759894137874692e-03
3.968933347105047839e-03
3.952295410919693872e-03
3.849570823491742320e-03
3.774554367986650977e-03
3.699366120808918797e-03
4.119005103875410245e-03
4.049126047070353805e-03
4.012368172808160674e-03
3.569392608731731479e-03
3.938657868631133957e-03
3.315995110466368224e-03
3.198103793565791088e-03
3.234020658115337610e-03
3.321396732032585054e-03
3.443745081007436228e-03
3.264219513981242611e-03
3.178936225676428327e-03
2.928380333736372264e-03
2.955177704010491201e-03
3.045721072777023922e-03
3.063959364942821836e-03
2.718071019914527781e-03
2.868373670894257699e-03
2.875392529815509659e-03
2.986258752963403748e-03
2.970446406592958371e-03
2.896888304588769811e-03
2.798339241186005143e-03
2.833570947835247888e-03
2.449156058063222275e-03
2.715071456885587414e-03
2.584149851492929979e-03
2.657926714414985195e-03
2.426803172879538756e-03
2.510935800524599897e-03
2.370213272571101461e-03
2.447126671574698185e-03
2.435432753166216855e-03
2.425980575999066476e-03
2.381187657784849480e-03
2.397421921651642866e-03
2.171344730929544286e-03
2.278614901703246345e-03
2.210703479396461824e-03
2.213891109764014233e-03
2.128132665151842486e-03
2.358729993769191451e-03
2.275529974953152592e-03
2.248630446639357169e-03
2.287816934107770976e-03
2.199911711603459458e-03
2.517447072165359973e-03
2.118294323257760136e-03
2.358140164525152072e-03
2.642019099426285138e-03
2.340994227804270127e-03
2.348917713893953780e-03
2.561146064048380570e-03
2.547749373205103734e-03
2.468209632038540716e-03
2.763490851764610623e-03
2.418113114446242360e-03
2.747147067812719980e-03
2.679249682060375060e-03
2.682087060919071970e-03
2.915836758994520220e-03
2.820941660757132589e-03
2.758507017412428156e-03
2.786388827420059004e-03
2.815570810771764274e-03
3.234373777949003850e-03
3.000780521087209607e-03
2.970274323699311457e-03
2.715612622140273821e-03
2.757017402422061881e-03
2.834127796663459247e-03
2.754567920914329469e-03
2.904327852749509411e-03
2.595631821231772409e-03
2.822275722768340361e-03
2.747706005427308709e-03
2.426767506562329223e-03
2.486216760665939385e-03
2.378791718095121452e-03
2.272248322287540988e-03
2.349911445727532674e-03
2.194528417806372242e-03
2.231213541019092493e-03
1.885131862450768097e-03
2.061750105418857452e-03
1.925434824619225724e-03
1.940728745054115913e-03
1.785285782065096881e-03
1.844037191219071153e-03
1.968555275530932142e-03
1.729311396607285944e-03
1.782604052326521504e-03
1.714491417593105122e-03
1.679352270247108821e-03
1.529508145865744566e-03
1.714891164510802838e-03
1.585226332262405866e-03
1.806280367138338129e-03
1.700305477260302288e-03
1.657092518217569968e-03
1.510723809003560814e-03
1.471293947751732382e-03
1.578416204288216138e-03
1.530939979063835254e-03
1.642013664112397129e-03
1.558100657591316232e-03
1.552922333619041013e-03
1.588298819458881751e-03
1.588747119701896127e-03
1.632228159632830499e-03
1.408169218897518948e-03
1.648010942229335453e-03
1.543853708534564332e-03
1.565135708652805107e-03
1.565166783724875358e-03
1.600266500426956746e-03
1.668059013584411322e-03
1.693071127933671888e-03
1.741040675250962256e-03
1.639457414766978772e-03
1.722145484932222862e-03
1.811788889321060310e-03
1.796369532066590573e-03
1.840419353696462566e-03
1.876372779852273102e-03
1.948747934294463866e-03
1.959000832613101966e-03
2.083284729989115514e-03
1.984523419000325944e-03
2.103133473993860306e-03
2.150527253056135676e-03
2.237629964876048511e-03
2.230512383452055731e-03
2.457072776199031080e-03
2.410275559840254368e-03
2.518872837657121309e-03
2.667982001584422429e-03
2.523023738256263953e-03
2.666470250725809250e-03
2.669467352080045260e-03
2.835059018742275110e-03
2.697852308914891212e-03
2.805711073379547026e-03
2.718102689345229354e-03
2.807998059263764386e-03
3.155440389948205911e-03
3.107648180781384835e-03
3.151913552521165215e-03
3.080412805987501820e-03
2.939257675982897937e-03
3.186670142560032743e-03
2.954278368241620642e-03
3.441765138434257822e-03
3.168262615751362473e-03
3.351710004449317583e-03
3.506998909421607784e-03
3.910481396326758244e-03
3.533355985659833009e-03
3.655481090487169762e-03
4.194062121273319649e-03
4.130095719515012101e-03
4.054110194492938773e-03
4.394984962024964248e-03
4.764061499750535215e-03
4.697427689690792003e-03
5.134010013818891827e-03
4.810806384687029563e-03
4.950022341969837966e-03
4.824769933983493429e-03
5.073973455422467818e-03
4.906228003050829879e-03
5.178858978303520384e-03
4.746517967551613058e-03
4.934605378986268477e-03
5.664481712996599118e-03
5.345577387269356134e-03
6.091324311277070483e-03
5.639151319277314889e-03
6.217242460071698180e-03
6.238239888106559237e-03
6.045691410984724290e-03
6.461654252120045162e-03
6.384598919089785191e-03
6.980167381025508683e-03
6.937651758337363798e-03
6.768175510468700702e-03
7.136967434821615483e-03
6.618004762708583170e-03
6.953959074191793342e-03
7.134896609391365441e-03
7.584550103583132322e-03
7.162013859983504607e-03
6.894170330931242291e-03
7.461582078502475811e-03
6.753611815374531424e-03
7.217901332896509495e-03
6.913287548245680356e-03
7.167668054215406773e-03
6.767286303038642752e-03
6.173188360003144942e-03
7.087881672587306899e-03
7.216279934726670987e-03
6.764333076688960715e-03
6.942064984235728035e-03
6.147186714699342906e-03
6.968838506949589715e-03
7.176998671580421020e-03
6.834175175507652307e-03
7.211825060468142479e-03
6.932107165318750729e-03
6.662469102367896134e-03
7.213296794525157589e-03
6.690643806654595141e-03
7.181279792444874091e-03
6.867508496930380991e-03
7.533622552239938042e-03
7.178631435544634634e-03
8.016524546967078099e-03
8.314470419935436271e-03
7.866127660163906715e-03
7.630683536786371512e-03
7.939147846393355273e-03
9.048873118941263768e-03
8.672522615350255343e-03
9.442647240580203521e-03
8.571592012614485251e-03
8.991873262516821702e-03
9.409109990691704589e-03
9.260533771839576239e-03
1.042125680918319468e-02
1.029258102482901241e-02
1.087432622049005516e-02
1.055480963314617618e-02
1.054783566568676632e-02
1.110225866545861036e-02
1.171877449681321681e-02
1.221858530736790426e-02
1.172490254447981599e-02
1.179198312430146563e-02
1.258575019883216226e-02
1.294956144941303289e-02
1.245748163034394486e-02
1.317661563503446862e-02
1.341222568623604179e-02
1.280612111099559830e-02
1.311952192770416206e-02
1.405432220151957637e-02
1.233158836266153024e-02
1.304637576583955912e-02
1.413742662526371562e-02
1.325586226119122163e-02
1.415640159747937228e-02
1.528931310654420631e-02
1.504583897535333344e-02
1.566680239284139187e-02
1.458197264757627593e-02
1.544467359514566443e-02
1.357004273515425956e-02
1.553227691255676737e-02
1.476308151697923975e-02
1.634778779660657835e-02
1.515654164284971177e-02
1.444017081498483353e-02
1.478385411618336059e-02
1.501122165305497982e-02
1.520620357912082395e-02
1.500388651803881424e-02
1.577789826609704918e-02
1.552439262796111857e-02
1.552230494153632179e-02
1.535753582006670927e-02
1.600714857176107134e-02
1.602339459848685713e-02
1.582516110287645814e-02
1.526823375124785991e-02
1.528741585657283214e-02
1.626441442897158182e-02
1.567640616971163747e-02
1.385017906836700889e-02
1.578573596462599579e-02
1.549411668923618077e-02
1.367285811668379238e-02
1.560873828479985952e-02
1.381034615608823027e-02
1.386315265168904486e-02
1.406060797628718578e-02
1.280387127933504607e-02
1.447012618182792233e-02
1.451001141554040044e-02
1.417469814327578480e-02
1.419876540852583330e-02
1.276738088863584551e-02
1.451201172665898820e-02
1.462392437305717191e-02
1.335683945019161545e-02
1.509854247864093023e-02
1.563807188960608316e-02
1.594184396043245300e-02
1.556369018512162271e-02
1.410288485947873774e-02
1.393014408702314411e-02
1.308467154766343107e-02
1.437994727646020598e-02
1.516438585901073478e-02
