0.000000000000000000e+00
1.000250062515628979e+00
2.000500125031257959e+00
3.000750187546886938e+00
4.001000250062515917e+00
5.001250312578144452e+00
6.001500375093773876e+00
7.001750437609402411e+00
8.002000500125031834e+00
9.002250562640661258e+00
1.000250062515628890e+01
1.100275068767191833e+01
1.200300075018754775e+01
1.300325081270317717e+01
1.400350087521880482e+01
1.500375093773443425e+01
1.600400100025006367e+01
1.700425106276569309e+01
1.800450112528132252e+01
1.900475118779694839e+01
2.000500125031257781e+01
2.100525131282820723e+01
2.200550137534383666e+01
2.300575143785946608e+01
2.400600150037509550e+01
2.500625156289072493e+01
2.600650162540635435e+01
2.700675168792198022e+01
2.800700175043760964e+01
2.900725181295323907e+01
3.000750187546886849e+01
3.100775193798449791e+01
3.200800200050012734e+01
3.300825206301575321e+01
3.400850212553138618e+01
3.500875218804701205e+01
3.600900225056264503e+01
3.700925231307827090e+01
3.800950237559389677e+01
3.900975243810952975e+01
4.001000250062515562e+01
4.101025256314078860e+01
4.201050262565641447e+01
4.301075268817204744e+01
4.401100275068767331e+01
4.501125281320330629e+01
4.601150287571893216e+01
4.701175293823455803e+01
4.801200300075019101e+01
4.901225306326581688e+01
5.001250312578144985e+01
5.101275318829707572e+01
5.201300325081270870e+01
5.301325331332833457e+01
5.401350337584396044e+01
5.501375343835959342e+01
5.601400350087521929e+01
5.701425356339085226e+01
5.801450362590647813e+01
5.901475368842211111e+01
6.001500375093773698e+01
6.101525381345336285e+01
6.201550387596899583e+01
6.301575393848462170e+01
6.401600400100025468e+01
6.501625406351588765e+01
6.601650412603150642e+01
6.701675418854713939e+01
6.801700425106277237e+01
6.901725431357839113e+01
7.001750437609402411e+01
7.101775443860965709e+01
7.201800450112529006e+01
7.301825456364090883e+01
7.401850462615654180e+01
7.501875468867217478e+01
7.601900475118779354e+01
7.701925481370342652e+01
7.801950487621905950e+01
7.901975493873469247e+01
8.002000500125031124e+01
8.102025506376594421e+01
8.202050512628157719e+01
8.302075518879719596e+01
8.402100525131282893e+01
8.502125531382846191e+01
8.602150537634409488e+01
8.702175543885971365e+01
8.802200550137534663e+01
8.902225556389097960e+01
9.002250562640661258e+01
9.102275568892223134e+01
9.202300575143786432e+01
9.302325581395349730e+01
9.402350587646911606e+01
9.502375593898474904e+01
9.602400600150038201e+01
9.702425606401601499e+01
9.802450612653163375e+01
9.902475618904726673e+01
1.000250062515628997e+02
1.010252563140785185e+02
1.020255063765941514e+02
1.030257564391097844e+02
1.040260065016254174e+02
1.050262565641410362e+02
1.060265066266566691e+02
1.070267566891723021e+02
1.080270067516879209e+02
1.090272568142035539e+02
1.100275068767191868e+02
1.110277569392348198e+02
1.120280070017504386e+02
1.130282570642660716e+02
1.140285071267817045e+02
1.150287571892973233e+02
1.160290072518129563e+02
1.170292573143285892e+02
1.180295073768442222e+02
1.190297574393598410e+02
1.200300075018754740e+02
1.210302575643911069e+02
1.220305076269067257e+02
1.230307576894223587e+02
1.240310077519379917e+02
1.250312578144536246e+02
1.260315078769692434e+02
1.270317579394848764e+02
1.280320080020005094e+02
1.290322580645161281e+02
1.300325081270317753e+02
1.310327581895473941e+02
1.320330082520630128e+02
1.330332583145786600e+02
1.340335083770942788e+02
1.350337584396098976e+02
1.360340085021255447e+02
1.370342585646411635e+02
1.380345086271567823e+02
1.390347586896724295e+02
1.400350087521880482e+02
1.410352588147036954e+02
1.420355088772193142e+02
1.430357589397349329e+02
1.440360090022505801e+02
1.450362590647661989e+02
1.460365091272818177e+02
1.470367591897974648e+02
1.480370092523130836e+02
1.490372593148287024e+02
1.500375093773443496e+02
1.510377594398599683e+02
1.520380095023755871e+02
1.530382595648912343e+02
1.540385096274068530e+02
1.550387596899225002e+02
1.560390097524381190e+02
1.570392598149537378e+02
1.580395098774693849e+02
1.590397599399850037e+02
1.600400100025006225e+02
1.610402600650162697e+02
1.620405101275318884e+02
1.630407601900475072e+02
1.640410102525631544e+02
1.650412603150787731e+02
1.660415103775943919e+02
1.670417604401100391e+02
1.680420105026256579e+02
1.690422605651413051e+02
1.700425106276569238e+02
1.710427606901725426e+02
1.720430107526881898e+02
1.730432608152038085e+02
1.740435108777194273e+02
1.750437609402350745e+02
1.760440110027506933e+02
1.770442610652663120e+02
1.780445111277819592e+02
1.790447611902975780e+02
1.800450112528132252e+02
1.810452613153288439e+02
1.820455113778444627e+02
1.830457614403601099e+02
1.840460115028757286e+02
1.850462615653913474e+02
1.860465116279069946e+02
1.870467616904226134e+02
1.880470117529382321e+02
1.890472618154538793e+02
1.900475118779694981e+02
1.910477619404851168e+02
1.920480120030007640e+02
1.930482620655163828e+02
1.940485121280320300e+02
1.950487621905476487e+02
1.960490122530632675e+02
1.970492623155789147e+02
1.980495123780945335e+02
1.990497624406101522e+02
2.000500125031257994e+02
2.010502625656414182e+02
2.020505126281570369e+02
2.030507626906726841e+02
2.040510127531883029e+02
2.050512628157039217e+02
2.060515128782195688e+02
2.070517629407351876e+02
2.080520130032508348e+02
2.090522630657664536e+02
2.100525131282820723e+02
2.110527631907977195e+02
2.120530132533133383e+02
2.130532633158289570e+02
2.140535133783446042e+02
2.150537634408602230e+02
2.160540135033758418e+02
2.170542635658914890e+02
2.180545136284071077e+02
2.190547636909227265e+02
2.200550137534383737e+02
2.210552638159539924e+02
2.220555138784696396e+02
2.230557639409852584e+02
2.240560140035008772e+02
2.250562640660165243e+02
2.260565141285321431e+02
2.270567641910477619e+02
2.280570142535634091e+02
2.290572643160790278e+02
2.300575143785946466e+02
2.310577644411102938e+02
2.320580145036259125e+02
2.330582645661415597e+02
2.340585146286571785e+02
2.350587646911727973e+02
2.360590147536884444e+02
2.370592648162040632e+02
2.380595148787196820e+02
2.390597649412353292e+02
2.400600150037509479e+02
2.410602650662665667e+02
2.420605151287822139e+02
2.430607651912978326e+02
2.440610152538134514e+02
2.450612653163290986e+02
2.460615153788447174e+02
2.470617654413603645e+02
2.480620155038759833e+02
2.490622655663916021e+02
2.500625156289072493e+02
2.510627656914228680e+02
2.520630157539384868e+02
2.530632658164541340e+02
2.540635158789697527e+02
2.550637659414853715e+02
2.560640160040010187e+02
2.570642660665166659e+02
2.580645161290322562e+02
2.590647661915479034e+02
2.600650162540635506e+02
2.610652663165791409e+02
2.620655163790947881e+02
2.630657664416104353e+02
2.640660165041260257e+02
2.650662665666416729e+02
2.660665166291573200e+02
2.670667666916729104e+02
2.680670167541885576e+02
2.690672668167042048e+02
2.700675168792197951e+02
2.710677669417354423e+02
2.720680170042510895e+02
2.730682670667666798e+02
2.740685171292823270e+02
2.750687671917979742e+02
2.760690172543135645e+02
2.770692673168292117e+02
2.780695173793448589e+02
2.790697674418604493e+02
2.800700175043760964e+02
2.810702675668917436e+02
2.820705176294073908e+02
2.830707676919229812e+02
2.840710177544386283e+02
2.850712678169542755e+02
2.860715178794698659e+02
2.870717679419855131e+02
2.880720180045011602e+02
2.890722680670167506e+02
2.900725181295323978e+02
2.910727681920480450e+02
2.920730182545636353e+02
2.930732683170792825e+02
2.940735183795949297e+02
2.950737684421105200e+02
2.960740185046261672e+02
2.970742685671418144e+02
2.980745186296574047e+02
2.990747686921730519e+02
3.000750187546886991e+02
3.010752688172042895e+02
3.020755188797199366e+02
3.030757689422355838e+02
3.040760190047511742e+02
3.050762690672668214e+02
3.060765191297824686e+02
3.070767691922981157e+02
3.080770192548137061e+02
3.090772693173293533e+02
3.100775193798450005e+02
3.110777694423605908e+02
3.120780195048762380e+02
3.130782695673918852e+02
3.140785196299074755e+02
3.150787696924231227e+02
3.160790197549387699e+02
3.170792698174543602e+02
3.180795198799700074e+02
3.190797699424856546e+02
3.200800200050012450e+02
3.210802700675168921e+02
3.220805201300325393e+02
3.230807701925481297e+02
3.240810202550637769e+02
3.250812703175794240e+02
3.260815203800950144e+02
3.270817704426106616e+02
3.280820205051263088e+02
3.290822705676418991e+02
3.300825206301575463e+02
3.310827706926731935e+02
3.320830207551887838e+02
3.330832708177044310e+02
3.340835208802200782e+02
3.350837709427357254e+02
3.360840210052513157e+02
3.370842710677669629e+02
3.380845211302826101e+02
3.390847711927982004e+02
3.400850212553138476e+02
3.410852713178294948e+02
3.420855213803450852e+02
3.430857714428607323e+02
3.440860215053763795e+02
3.450862715678919699e+02
3.460865216304076171e+02
3.470867716929232643e+02
3.480870217554388546e+02
3.490872718179545018e+02
3.500875218804701490e+02
3.510877719429857393e+02
3.520880220055013865e+02
3.530882720680170337e+02
3.540885221305326240e+02
3.550887721930482712e+02
3.560890222555639184e+02
3.570892723180795088e+02
3.580895223805951559e+02
3.590897724431108031e+02
3.600900225056264503e+02
3.610902725681420407e+02
3.620905226306576878e+02
3.630907726931733350e+02
3.640910227556889254e+02
3.650912728182045726e+02
3.660915228807202197e+02
3.670917729432358101e+02
3.680920230057514573e+02
3.690922730682671045e+02
3.700925231307826948e+02
3.710927731932983420e+02
3.720930232558139892e+02
3.730932733183295795e+02
3.740935233808452267e+02
3.750937734433608739e+02
3.760940235058764642e+02
3.770942735683921114e+02
3.780945236309077586e+02
3.790947736934233490e+02
3.800950237559389961e+02
3.810952738184546433e+02
3.820955238809702337e+02
3.830957739434858809e+02
3.840960240060015281e+02
3.850962740685171184e+02
3.860965241310327656e+02
3.870967741935484128e+02
3.880970242560640600e+02
3.890972743185796503e+02
3.900975243810952975e+02
3.910977744436109447e+02
3.920980245061265350e+02
3.930982745686421822e+02
3.940985246311578294e+02
3.950987746936734197e+02
3.960990247561890669e+02
3.970992748187047141e+02
3.980995248812203045e+02
3.990997749437359516e+02
