1.181810218292509844e-04
1.342103335348246006e-04
1.522081572042405684e-04
1.628943650079563035e-04
1.736508768103806955e-04
1.821576606541280949e-04
1.948123804216861951e-04
2.128805080898108198e-04
2.287692117979671087e-04
2.419160595564858070e-04
2.486652434325167848e-04
2.568908112814295838e-04
2.687018830644838287e-04
2.848014987687660883e-04
2.924646346280095782e-04
3.054005703904023330e-04
3.157352582005747837e-04
3.248747780327000678e-04
3.385840577808880481e-04
3.574958334335165281e-04
3.731033211468381895e-04
3.771809530719402335e-04
3.856877369156876600e-04
3.985533686793717037e-04
3.989751926716236449e-04
3.934914807723484636e-04
3.823834489763807873e-04
3.842816569415145227e-04
3.599564733883195184e-04
3.444895936724151164e-04
3.277572419797549993e-04
3.200941061205114552e-04
3.045569224058984506e-04
2.895118666822460440e-04
2.931676746150961468e-04
2.862075787429391714e-04
2.864887947377737988e-04
2.859966667468132008e-04
2.785444428836956815e-04
2.694049230515703974e-04
2.633587791626259612e-04
2.665224591045154659e-04
2.549222993175871916e-04
2.516180113782803731e-04
2.429706195371156600e-04
2.414942355642338929e-04
2.398772435939347850e-04
2.400881555900607556e-04
2.507743633937764907e-04
2.546410833227525641e-04
2.590702352413978924e-04
2.699673550412395981e-04
2.703891790334915393e-04
2.777007948991917991e-04
2.885276107003248479e-04
2.889494346925767891e-04
2.781226188914437403e-04
2.814972108294592156e-04
2.810050828384986175e-04
2.765056269211446324e-04
2.659600271148462110e-04
2.695455310489877111e-04
2.764353229224359755e-04
2.758728909327667206e-04
2.698267470438222844e-04
2.665927631032241228e-04
2.705297870309088530e-04
2.769274509133965736e-04
2.754510669405147794e-04
2.669442830967674071e-04
2.450797394983753388e-04
2.230042839038573000e-04
2.137944600730233590e-04
2.071858841944096679e-04
1.904535325017495237e-04
1.848995166037656855e-04
1.817358366618761537e-04
1.694326368878613378e-04
1.659174369524285216e-04
1.603634210544446835e-04
1.573403491099724654e-04
1.512239012223193723e-04
1.472868772946346421e-04
1.495366052533116346e-04
1.440528933540364534e-04
1.431389413708239141e-04
1.348430695232025124e-04
1.330151655567774339e-04
1.328042535606514633e-04
1.441231973527451102e-04
1.442638053501624240e-04
1.416625573979421470e-04
1.377958374689660466e-04
1.366709734896275638e-04
1.325933415645254927e-04
1.292890536252186743e-04
1.288672296329667331e-04
1.241568617194867773e-04
1.176185898395817431e-04
1.172670698460384587e-04
1.124160939351411892e-04
1.023626221198033524e-04
1.033468781017245485e-04
1.022220141223860386e-04
1.013783661378821698e-04
9.842559819211860856e-05
9.596495823731564538e-05
9.603526223602430224e-05
9.828499019470129483e-05
1.016595821327167973e-04
1.036280940965591624e-04
1.113615339545113498e-04
1.082681580113304748e-04
1.048935660733149724e-04
1.087602860022910729e-04
1.085493740061651023e-04
1.095336299880862849e-04
1.106584939674247812e-04
1.107287979661334380e-04
1.037687020939764761e-04
9.821468619599263796e-05
9.561343824377236105e-05
9.273097429671747023e-05
9.223884630575687217e-05
8.956729435482793840e-05
8.752847839227690285e-05
8.331023846975754515e-05
7.874047855369488956e-05
7.663135859243521070e-05
7.395980664150627693e-05
6.896822273319168015e-05
6.988217471640421940e-05
6.692940677064065816e-05
6.411724682229441065e-05
6.264086284941263003e-05
6.320329483908188495e-05
6.348451083391649886e-05
6.355481483262515573e-05
6.467967881196366557e-05
6.685910277193200129e-05
6.784335875385318385e-05
6.777305475514452699e-05
6.931974272673496447e-05
7.051491070478211763e-05
7.100703869574271569e-05
7.283494266216776708e-05
7.445193463246686143e-05
7.241311866991583944e-05
7.522527861826208695e-05
7.754531057564773640e-05
8.070899051753726823e-05
8.302902247492291768e-05
8.584118242326916519e-05
8.717695839873363208e-05
8.689574240389900462e-05
8.780969438711153032e-05
9.012972634449717977e-05
9.455887826314252162e-05
9.772255820503205346e-05
1.027141421133466367e-04
1.073542060281179491e-04
1.082681580113304748e-04
1.101663659764641831e-04
1.164937258602432468e-04
1.243677737156127208e-04
1.299217896135965590e-04
1.425062053824460294e-04
1.516457252145713135e-04
1.628240610092476467e-04
1.706278048659084774e-04
1.864462045753561095e-04
2.025458202796383690e-04
2.147084120562358983e-04
2.319328917398566405e-04
2.515477073795717162e-04
2.567502032840122701e-04
2.653272911264682992e-04
2.741152909650503532e-04
2.809347788397899607e-04
2.949955785815212253e-04
3.208674501063066807e-04
3.368264578131716265e-04
3.483563136013912440e-04
3.497623935755643813e-04
3.657917052811379840e-04
3.782355130525700865e-04
3.799931130202865081e-04
3.848440889311837776e-04
3.844925689376404933e-04
3.757045690990584936e-04
3.825943609725067579e-04
3.973582007013245912e-04
4.045292085696074831e-04
4.005218806432140960e-04
4.100832244675913212e-04
4.180275763216694928e-04
4.136687284017328214e-04
4.135984244030241645e-04
4.128953844159375958e-04
4.208397362700157132e-04
4.185900083113387477e-04
4.251282801912437278e-04
4.384860399458884238e-04
4.428448878658250952e-04
4.492425517483128157e-04
4.551480876398399382e-04
4.795435751917435994e-04
5.005644708056317853e-04
5.122349345912687165e-04
5.215150624208113143e-04
5.254520863484960988e-04
5.327637022141963044e-04
5.391613660966840249e-04
5.537845978280845445e-04
5.610962136937847500e-04
5.691811735452802353e-04
5.831716692883027889e-04
5.849995732547278674e-04
5.876008212069481172e-04
5.904129811552943918e-04
6.093247568079228176e-04
6.401179082423143077e-04
6.688722437141545862e-04
7.104922109496790168e-04
7.474018102717236000e-04
7.923963694452634517e-04
8.176355049816709953e-04
8.568651362611012009e-04
8.679028640583601661e-04
9.020003034320584747e-04
9.091713113003413666e-04
9.014378714423892198e-04
8.877988956929098964e-04
8.874473756993665578e-04
9.017893914359324499e-04
9.081870553184201705e-04
9.142331992073645525e-04
9.081167513197114594e-04
8.984147994979169204e-04
9.048827673791133520e-04
9.318795028832372630e-04
9.517755345177869933e-04
9.687187982065731352e-04
9.981058696667914881e-04
1.021095277244521904e-03
1.021235885241939326e-03
1.040147660894567751e-03
1.054349068633716330e-03
1.069464428356077393e-03
1.093016267923477280e-03
1.127254315294592794e-03
1.135479883143505593e-03
1.131121035223568759e-03
1.141244811037615348e-03
1.144760010973048083e-03
1.140401163053111466e-03
1.139205995075064353e-03
1.166062122581770950e-03
1.197347402007122984e-03
1.201073513938681744e-03
1.229195113422144056e-03
1.247333545088977419e-03
1.280024904488502591e-03
1.305334344023618845e-03
1.337111751439931315e-03
1.356867175077063623e-03
1.365584870916937074e-03
1.392651910419769696e-03
1.384145126576022270e-03
1.397573190329375568e-03
1.396307718352619853e-03
1.378802022674164348e-03
1.398416838313879451e-03
1.445309605452553200e-03
1.519761540085020008e-03
1.517300900130216963e-03
1.606235458496667193e-03
1.659947713510080388e-03
1.741992480003082136e-03
1.816655326631674968e-03
1.832403422342413889e-03
1.878382237497875154e-03
1.982783675580229461e-03
2.017092026950053577e-03
2.114673977157668222e-03
2.153552088443555414e-03
2.119032825077605056e-03
2.083529305729733827e-03
2.060399290154585773e-03
2.026512762777013706e-03
2.011959835044321680e-03
2.031293434689202156e-03
2.012170747040447922e-03
1.941444924339539658e-03
1.860735933822002443e-03
1.832333118343705287e-03
1.776089919376780445e-03
1.725611648303965141e-03
1.698052480810172083e-03
1.660580449498458245e-03
1.619522914252603070e-03
1.541907299678246758e-03
1.509989284264516866e-03
1.431178501712113225e-03
1.386676070529533917e-03
1.350961639185536663e-03
1.336971143442514109e-03
1.226875081464758434e-03
1.181880522291218474e-03
1.148064298912355010e-03
1.105319467697492069e-03
1.073471756282470780e-03
1.040428876889402379e-03
1.007526605493751400e-03
9.806001739883359828e-04
9.329340628638671702e-04
9.036172954023575284e-04
8.785187678633672986e-04
8.677622560609428524e-04
8.469522724431806371e-04
8.313447847298590298e-04
8.158076010152460252e-04
7.722894258145878051e-04
7.523933941800381832e-04
7.417071863763224481e-04
7.337628345222442765e-04
7.291227706074729234e-04
7.265918266539612763e-04
7.238499707043237127e-04
7.065551870219943407e-04
7.080315709948760807e-04
7.237093627069063990e-04
7.367156024680078649e-04
7.376295544512203499e-04
7.431132663504954770e-04
7.414259703814878207e-04
7.309506745738980019e-04
7.247639226875363062e-04
7.296148985984335757e-04
7.178038268153793307e-04
7.303882425842287470e-04
7.744688497745561137e-04
7.890217775072480306e-04
7.952085293936097263e-04
7.932400174297673341e-04
8.093396331340495936e-04
8.308526567388983776e-04
8.705744160092891270e-04
8.807684958220443183e-04
8.792218078504538672e-04
8.796436318427058084e-04
9.008754394527199649e-04
9.317388948858199493e-04
9.708982221665414438e-04
1.000425901624177110e-03
1.037054284951386849e-03
1.055755148607889467e-03
1.057864268569149065e-03
1.130558603233899504e-03
1.164445130611471788e-03
1.231655753376947101e-03
1.293945096232816542e-03
1.333315335509663952e-03
1.392722214418478299e-03
1.416977093972964646e-03
