2.838356229924991910e-04
2.720442536089692060e-04
2.851170898942089805e-04
3.070234918997159107e-04
2.993843078197179898e-04
3.208314880627973625e-04
3.595415299239321065e-04
3.764784501602870537e-04
3.652936984098723483e-04
4.046166915103244287e-04
4.750534857515036568e-04
4.791204196303456425e-04
5.038415627489579909e-04
5.348238782050967772e-04
5.526014626624750669e-04
5.447186858869095764e-04
6.053672994378658800e-04
6.213770494816368839e-04
6.226942129497055290e-04
6.566536671625863419e-04
7.245517966029392477e-04
7.112667376977647483e-04
7.963944258501383204e-04
8.035663588966856152e-04
8.246613940508265529e-04
8.911557862925976840e-04
9.355286238834596832e-04
1.057041094572841629e-03
1.002094826592741985e-03
9.924345978457520083e-04
1.071408232649444020e-03
1.198858053124969613e-03
1.240271923497132753e-03
1.400797771482855964e-03
1.398045301280177776e-03
1.274704007550713511e-03
1.438578387507015227e-03
1.450875705159399096e-03
1.677723571926339292e-03
1.530669599485244559e-03
1.860714891069921049e-03
1.994496730302514759e-03
1.765843097081677563e-03
1.806819257542698412e-03
2.024739221668877924e-03
1.877922978101674058e-03
2.065531598864388859e-03
1.953047974465383241e-03
2.238113274023175153e-03
2.388736303067932974e-03
2.318804175119061877e-03
2.379387826221544908e-03
2.657290892709704856e-03
2.526457778675908223e-03
2.287870243013643071e-03
2.392867535393220120e-03
2.557411785458611666e-03
2.818802478079721237e-03
2.955084188504860342e-03
2.741881808689171016e-03
2.678100477007631409e-03
2.805558779356124872e-03
3.172365177614838109e-03
3.309394560632714088e-03
2.748223461377087302e-03
2.914794446337635753e-03
3.106319613612825228e-03
3.342236084187233305e-03
3.460101831776469031e-03
3.222015295738323102e-03
3.298125885764039648e-03
3.309834395973038860e-03
3.237872578195096548e-03
3.547821942436982234e-03
3.542509882541031684e-03
3.740515222408090455e-03
3.389959086703061078e-03
3.276524540631816501e-03
3.661568436442409150e-03
3.643776708115947002e-03
3.479909378624455787e-03
3.630329470802870495e-03
3.504277763544660744e-03
3.240643937895234215e-03
3.681588796613717227e-03
3.621017743088634708e-03
3.623389022899401856e-03
3.698442584676526947e-03
3.612740023658421278e-03
3.610462380590105051e-03
3.637294193443887328e-03
3.367203508748290927e-03
3.481607875296121885e-03
3.466125653896736693e-03
3.467756496536452369e-03
3.495312813644648603e-03
3.479889260001483350e-03
3.479221186631528163e-03
3.241839878654407744e-03
3.752697223300047874e-03
3.490082469503691387e-03
3.184005982082710028e-03
3.211336826935813626e-03
3.340339801207917615e-03
3.268025739233342431e-03
3.409676576381530985e-03
3.394928987594391431e-03
3.260708601435316663e-03
3.291227384330398104e-03
3.110712350199845103e-03
3.099563332722244779e-03
2.965737325826517650e-03
3.317601199857496321e-03
2.978866296544986202e-03
2.984193114220552723e-03
2.957461971498641720e-03
3.029771376021648827e-03
2.993290837904631109e-03
2.832640120820431335e-03
2.814584610003272903e-03
2.825468555557516907e-03
2.762005893553578888e-03
2.794950332718672530e-03
2.370598972743580366e-03
2.479771398860240814e-03
2.635583883501521445e-03
2.690926646803003253e-03
2.852834043662669239e-03
2.594663288718463724e-03
2.458511766438394551e-03
2.153444968803798921e-03
2.326275969565152601e-03
2.324157120178991197e-03
2.472741229353007594e-03
2.421948753218361537e-03
2.190213209470891036e-03
2.203263025928735297e-03
2.221999325095070765e-03
2.324136481950335193e-03
2.123972542146556827e-03
2.126373822883564652e-03
2.108697100684934437e-03
2.048770110274282866e-03
2.152650490813780553e-03
2.113043708409616771e-03
2.205292799551386226e-03
2.052619521955486095e-03
1.978003344515582174e-03
1.938601332637808873e-03
1.899797141551794319e-03
2.042222916811402191e-03
2.015814041640039394e-03
1.788159771662856763e-03
2.077178869936728827e-03
1.777049674522023903e-03
1.882780574670220395e-03
2.001503045235702733e-03
1.591432697473552484e-03
1.885669792690782345e-03
1.978015468797941507e-03
1.730467471246903118e-03
1.801344253134214840e-03
1.512163142373536317e-03
1.718657903530124804e-03
1.725074880606159876e-03
1.820979584053932518e-03
1.917744369310019721e-03
1.728283501440308493e-03
1.677946832488534526e-03
1.773126810158498099e-03
1.762884017388541931e-03
1.685910274643876751e-03
1.752803193419354795e-03
1.804255352569254008e-03
1.726765511037219600e-03
1.622541133501342490e-03
1.794072297503882061e-03
1.788846126025472362e-03
1.772451181489199728e-03
1.753109183009704921e-03
1.690132420921153190e-03
1.924107485658246896e-03
1.685582939870088580e-03
1.824211468098197635e-03
1.692139409485778241e-03
1.972564400076289807e-03
1.789560181162723430e-03
1.975464095056287620e-03
1.825903342210711188e-03
1.956665573074914573e-03
1.860184845639009524e-03
1.919361484380771024e-03
1.968493574304776023e-03
1.995231128210055507e-03
2.006365859281965865e-03
1.959695507270353340e-03
2.125699655510634913e-03
2.017800080971091092e-03
1.966523845752671425e-03
2.163705667583702870e-03
1.983352542628742145e-03
1.955616416350729799e-03
2.278808680376992381e-03
2.157215725131709106e-03
2.256082007586129173e-03
2.536102423929439444e-03
2.368833311153716384e-03
2.371474192097678627e-03
2.585614165732928651e-03
2.455688521241600371e-03
2.428072598204262470e-03
2.544088115502592205e-03
2.532688893148305267e-03
2.835416192271401382e-03
2.993112628894548880e-03
2.885763613987279812e-03
2.824746363883276750e-03
3.152201187943098025e-03
3.181814119032749192e-03
3.082183702642684112e-03
3.441835835570262146e-03
3.374928458983978124e-03
3.315079299609402248e-03
3.539386485246015946e-03
3.299933651164596755e-03
3.813281536422529622e-03
3.776068830727865016e-03
3.795311901167495658e-03
4.104691169059627130e-03
4.722839624939979483e-03
4.087460736531460179e-03
4.942097009932199490e-03
4.746729109517334316e-03
5.117403436349424010e-03
4.686062868495367156e-03
5.226982354146417729e-03
5.326158234970775583e-03
5.157530173801081613e-03
5.656848342015760242e-03
5.157956524880183587e-03
6.034030830099271561e-03
5.853920566240108925e-03
5.452366526266894803e-03
6.184308544764105693e-03
5.828491944666624319e-03
6.657697312819259826e-03
7.239600374756518901e-03
7.343187789687568960e-03
8.196853973468873691e-03
7.016365090563268792e-03
7.957926878978328206e-03
6.988915441526096124e-03
7.766622502777383030e-03
8.403111108633754336e-03
9.109666463384720123e-03
8.805407840766806341e-03
9.400236213191888804e-03
1.006707850090272395e-02
1.021509005218917271e-02
1.106052521276327388e-02
9.250106515746561037e-03
1.104447779351996548e-02
1.115412292236867345e-02
1.146212009961287276e-02
1.205910610011983776e-02
1.199883837534884354e-02
1.226402991205220727e-02
1.296064943207943417e-02
1.271123990158370270e-02
1.218371584506456815e-02
1.440877650665939314e-02
1.325107854303222803e-02
1.540732822790964220e-02
1.312368541180788419e-02
1.443128203011837668e-02
1.518640051421305329e-02
1.620790088634349937e-02
1.675618000612372552e-02
1.624214927560570232e-02
1.643441082975534429e-02
1.585108338435992081e-02
1.739250766937980308e-02
1.743392202517092537e-02
1.834397740940688776e-02
1.639177580419711594e-02
1.951249662700081655e-02
1.719126031310081251e-02
1.732862350248206423e-02
1.686787024626569889e-02
1.764087429750616984e-02
1.765181172065720047e-02
1.783768615446275699e-02
1.893165400233749393e-02
1.715250704346767477e-02
1.824098595754591531e-02
1.808922548147121750e-02
1.897520375513232771e-02
1.890814190868419370e-02
2.231247797364938404e-02
1.892409220897162125e-02
1.854473410255169999e-02
1.947621362367009390e-02
1.934050772091421705e-02
1.910649258991778399e-02
1.786759351688966407e-02
1.957136160270266101e-02
1.639644280750584410e-02
1.840100539285286982e-02
1.800105540667997980e-02
1.818157763214133665e-02
1.753226497303693454e-02
1.845810302949209281e-02
1.751965604817016034e-02
1.682780771198103334e-02
1.694705342934486186e-02
1.935195810235429761e-02
1.613101044198278836e-02
1.614864956645593527e-02
1.569964267107218717e-02
1.555389615701660566e-02
1.489460730186593744e-02
1.378343023055118854e-02
1.560270232333355218e-02
1.347948698908248318e-02
1.274438942159748789e-02
1.266593997596494534e-02
1.284267108004960578e-02
1.333162426280007189e-02
1.347084564827136927e-02
1.244890940954501528e-02
1.232435095204771798e-02
1.190170693641691771e-02
1.161943809530162526e-02
1.054663040735572509e-02
1.145995390901656703e-02
9.937031747468972817e-03
1.143533198372638331e-02
9.808101676864043605e-03
9.830901405183944952e-03
1.014833012728382639e-02
9.785844559826506472e-03
9.180566115602736832e-03
8.496538827541160258e-03
8.334303521172986215e-03
8.039550569895225970e-03
7.932678998524038058e-03
7.991375545470460681e-03
8.158789646962436373e-03
7.963392148332351303e-03
8.013162085785032612e-03
6.798082310362211188e-03
6.918518675066276553e-03
6.591357200865280951e-03
6.567012069382041455e-03
6.971094087005353171e-03
6.198512630099500126e-03
5.150100056074148266e-03
5.448026722227377640e-03
5.631700340123071968e-03
5.056017000921998912e-03
5.390909186760614938e-03
4.608972146038673584e-03
4.242688246344112311e-03
4.483119792063910806e-03
4.266556249254331926e-03
