2.838356229924991910e-04
2.706660388325381780e-04
2.823426484786825241e-04
3.027292285068737500e-04
2.940474228216033306e-04
3.140165399551494638e-04
3.508316924221967985e-04
3.664008374724720286e-04
3.547502419729297880e-04
3.922755597967388921e-04
4.600072744624042627e-04
4.636116540279859610e-04
4.874260097520658050e-04
5.175506237740181998e-04
5.351903948216549202e-04
5.282678295315681267e-04
5.881961689458940898e-04
6.052290228360350261e-04
6.083376862508087018e-04
6.438128263900622919e-04
7.133421048368885752e-04
7.035930840142359680e-04
7.920213532770102507e-04
8.039191284110111524e-04
8.304504338011439247e-04
9.038734517684273795e-04
9.563092791063164226e-04
1.089668628353614816e-03
1.042435378623043267e-03
1.042458308931333219e-03
1.137127224562493747e-03
1.286476298628325566e-03
1.346527426609556415e-03
1.539656199424347836e-03
1.556705798448114507e-03
1.438863441293187833e-03
1.647241851324873904e-03
1.686385385894386638e-03
1.980793628810555932e-03
1.836884645228615762e-03
2.271176989654842202e-03
2.477785744068196523e-03
2.234238410704378428e-03
2.329837519417816451e-03
2.662554772915554611e-03
2.520047530987316702e-03
2.830377536711252504e-03
2.734527814755482317e-03
3.203867824880865869e-03
3.498077502655969409e-03
3.475271286173325317e-03
3.650203988829708954e-03
4.170092971890684494e-03
4.045586061627161160e-03
3.714155316334206893e-03
3.890679237645588290e-03
4.100906067150477535e-03
4.402566146379828516e-03
4.465523513384877033e-03
3.998574277304223386e-03
3.767023992437053964e-03
3.807346792141706477e-03
4.155945018558349600e-03
4.188135743483160402e-03
3.362247580898919744e-03
3.449981221976424189e-03
3.559697776842910000e-03
3.710982793208209441e-03
3.725212448810827793e-03
3.366077998487030341e-03
3.345959112930265746e-03
3.263150538275692066e-03
3.104464872581215104e-03
3.310561470298234443e-03
3.219425165685463764e-03
3.313130076081299315e-03
2.928541585444702049e-03
2.762663260685757106e-03
3.015397260318650272e-03
2.932883005291185303e-03
2.739534003839257971e-03
2.797165225158715785e-03
2.644409923157109259e-03
2.396690082141415996e-03
2.670272089597460537e-03
2.577372169630466441e-03
2.532628222602776799e-03
2.540190382567298916e-03
2.439793487558247678e-03
2.398961949940286390e-03
2.379334470819549456e-03
2.169863789171148742e-03
2.211544487671771638e-03
2.171584390844976016e-03
2.144167322032716240e-03
2.134185359539663481e-03
2.099438467822166334e-03
2.075221111901848388e-03
1.912796963502240693e-03
2.191611812765366287e-03
2.018570515671717913e-03
1.824791151013964441e-03
1.824722379355098959e-03
1.882832023552990586e-03
1.828321490199687855e-03
1.894351462325677589e-03
1.874090145496541378e-03
1.789428898923377600e-03
1.796517779326267227e-03
1.689785200037079854e-03
1.676468816761403705e-03
1.597992867042311114e-03
1.781706163060637997e-03
1.595342860753722666e-03
1.594561833696451049e-03
1.577481871596827416e-03
1.614003052337987815e-03
1.593347497040097831e-03
1.507430487182733750e-03
1.498170502003979025e-03
1.505063484884490693e-03
1.473066845583346487e-03
1.493211780502932831e-03
1.269318892949152086e-03
1.331390769739312224e-03
1.419606521292715497e-03
1.454810493859118705e-03
1.548855504040771817e-03
1.415343696377300989e-03
1.348083235611652071e-03
1.187569494786167414e-03
1.290877402559022962e-03
1.298391780403687287e-03
1.391405637547798481e-03
1.373388548899551805e-03
1.252238408117001050e-03
1.270743853275143644e-03
1.293437811036691728e-03
1.366130014674651156e-03
1.261324001951243936e-03
1.276388616638517420e-03
1.280090461053610008e-03
1.258402821914158740e-03
1.338492108959322838e-03
1.330703273472645708e-03
1.407286691141892846e-03
1.327943852391681809e-03
1.297963620901685603e-03
1.290907689427109144e-03
1.284367622007740687e-03
1.402367824367397112e-03
1.406642729058878638e-03
1.268552242753986882e-03
1.498768993278398916e-03
1.304682258523503753e-03
1.407116577350670883e-03
1.523306901976339200e-03
1.233929226361795339e-03
1.490055816496472759e-03
1.593526519086829133e-03
1.421794770606193536e-03
1.509934780016122541e-03
1.293555036794645074e-03
1.500823506295486309e-03
1.538236835216467936e-03
1.658472542845116325e-03
1.784375346196491550e-03
1.643229800287822730e-03
1.630556397252527333e-03
1.761363404725566160e-03
1.790408931456228614e-03
1.750815685930464955e-03
1.861508312675155515e-03
1.959720568878196151e-03
1.918325503505561268e-03
1.843723562407231916e-03
2.085256112635505265e-03
2.126717700764340843e-03
2.155342834474877848e-03
2.180388458073331120e-03
2.149789368423852664e-03
2.502718918977440282e-03
2.241752544574091184e-03
2.480303103809009674e-03
2.351717126901564474e-03
2.801670447025872077e-03
2.597030029200426103e-03
2.928484819612856178e-03
2.764291198647070031e-03
3.024367572467896465e-03
2.934653221442439213e-03
3.089598789577261469e-03
3.232043363210313370e-03
3.340250487404140822e-03
3.423537751803535593e-03
3.406914453012876379e-03
3.763594376609699903e-03
3.636807745495925556e-03
3.606520076132785618e-03
4.035828574694882813e-03
3.760723113923822736e-03
3.767704578342682964e-03
4.458626513605901988e-03
4.284093637300754806e-03
4.545257385365889836e-03
5.180466913129243983e-03
4.903315978550920086e-03
4.971374526819873074e-03
5.486164914001211493e-03
5.270659941063416017e-03
5.268353040913937094e-03
5.576957994370203807e-03
5.605643711423385044e-03
6.332298502864360489e-03
6.740426472263287387e-03
6.548777393380894249e-03
6.455446862705836557e-03
7.249656499285883626e-03
7.359384956701590409e-03
7.164610023971475054e-03
8.035139131477443686e-03
7.907459221341502781e-03
7.789932052612032198e-03
8.335503885084328060e-03
7.783389619043038117e-03
9.001539038021852401e-03
8.914687460414585929e-03
8.954794335707876723e-03
9.672172979748035887e-03
1.110646559147276946e-02
9.586267455314836927e-03
1.155115524317738840e-02
1.104899624119021900e-02
1.185467538502016187e-02
1.079590043182156699e-02
1.196778273785337188e-02
1.211133869423096018e-02
1.163969252040046760e-02
1.266208383173729815e-02
1.144331667248917224e-02
1.325994679160219514e-02
1.273390609603599830e-02
1.173290214661163594e-02
1.315670151909846541e-02
1.225131330834321533e-02
1.381852766521794729e-02
1.482894609204720056e-02
1.483512934171217143e-02
1.632392864022499251e-02
1.376662052634665401e-02
1.537542559713588747e-02
1.329019157859546822e-02
1.452908714097597177e-02
1.545716698313880609e-02
1.646962912777831523e-02
1.564009900856155183e-02
1.639699081251430254e-02
1.723855088778529152e-02
1.716556547829171595e-02
1.823338933305116913e-02
1.495484544177441005e-02
1.750663293186069738e-02
1.733025391378366017e-02
1.745209722297577301e-02
1.798968313846593253e-02
1.753466477001971308e-02
1.755404257763185788e-02
1.816786763862198589e-02
1.744848439067984286e-02
1.637620650355552099e-02
1.896301216142656440e-02
1.707547373614273778e-02
1.944000860896335711e-02
1.621400468121024507e-02
1.745958422961198936e-02
1.799362407718025150e-02
1.880947374005609296e-02
1.904903384512817224e-02
1.809097302049052225e-02
1.793806665365399802e-02
1.695804976189707949e-02
1.824216954804772431e-02
1.793154404832753707e-02
1.850734370333603079e-02
1.622678896990496777e-02
1.895882070130023439e-02
1.639990934448129836e-02
1.623616381981136600e-02
1.552823813745593529e-02
1.596201329624363091e-02
1.570475619588043367e-02
1.561092720753801469e-02
1.630443192628053262e-02
1.454302040872592489e-02
1.523252933990606323e-02
1.488437568243261219e-02
1.539136920460350451e-02
1.512570467260941805e-02
1.761118176895775517e-02
1.474447962136011224e-02
1.426953740721389856e-02
1.480713248997111639e-02
1.453498028581072347e-02
1.420074407318726827e-02
1.313963428385519702e-02
1.424717327653404406e-02
1.182090429237954085e-02
1.314432519290555448e-02
1.274652456556967309e-02
1.276799681292972201e-02
1.221590479103220814e-02
1.276640678247027531e-02
1.203364457037895893e-02
1.148374131408189981e-02
1.149547002703919275e-02
1.305342850980568438e-02
1.082472400095659676e-02
1.078532841453827724e-02
1.044030025746632562e-02
1.030315911018894054e-02
9.832137299478068554e-03
9.070709222978111386e-03
1.024056454313045962e-02
8.826943769891609087e-03
8.329892836162389527e-03
8.266265515474909356e-03
8.372298380124199718e-03
8.684671814804648809e-03
8.772180568791122790e-03
8.106725998998623797e-03
8.028541791206650693e-03
7.758809478087950497e-03
7.582926798164821812e-03
6.892582565892136498e-03
7.502676468624735161e-03
6.519311401069398035e-03
7.520560196597401471e-03
6.468230885585111480e-03
6.503302621693719809e-03
6.736191234347042520e-03
6.519806525769856857e-03
6.141268679101849481e-03
5.708433198295619244e-03
5.625521763232690237e-03
5.453492051679851259e-03
5.409304953998381356e-03
5.479608737045223860e-03
5.627123591042781058e-03
5.526069985279775075e-03
5.596328734776457800e-03
4.779569728661151387e-03
4.898231798006204805e-03
4.700502839370522372e-03
4.718442567192857560e-03
5.047891952873794288e-03
4.524706911918907441e-03
3.790764980084604906e-03
4.044564891175119435e-03
4.217989062158842423e-03
3.821364980320342969e-03
4.112686954588520155e-03
3.550011364063390164e-03
3.300167643325152382e-03
3.522495668463159878e-03
3.387097412415859647e-03
