0.000000000000000000e+00
1.000274047684297063e+00
2.000548095368594126e+00
3.000822143052891189e+00
4.001096190737188252e+00
5.001370238421485759e+00
6.001644286105782378e+00
7.001918333790079885e+00
8.002192381474376504e+00
9.002466429158673122e+00
1.000274047684297152e+01
1.100301452452726814e+01
1.200328857221156476e+01
1.300356261989586137e+01
1.400383666758015977e+01
1.500411071526445639e+01
1.600438476294875301e+01
1.700465881063304963e+01
1.800493285831734624e+01
1.900520690600164642e+01
2.000548095368594304e+01
2.100575500137023965e+01
2.200602904905453627e+01
2.300630309673883289e+01
2.400657714442312951e+01
2.500685119210742613e+01
2.600712523979172275e+01
2.700739928747602292e+01
2.800767333516031954e+01
2.900794738284461616e+01
3.000822143052891278e+01
3.100849547821320940e+01
3.200876952589750601e+01
3.300904357358180619e+01
3.400931762126609925e+01
3.500959166895039942e+01
3.600986571663469249e+01
3.701013976431899266e+01
3.801041381200329283e+01
3.901068785968758590e+01
4.001096190737188607e+01
4.101123595505617914e+01
4.201151000274047931e+01
4.301178405042477237e+01
4.401205809810907255e+01
4.501233214579336561e+01
4.601260619347766578e+01
4.701288024116196596e+01
4.801315428884625902e+01
4.901342833653055919e+01
5.001370238421485226e+01
5.101397643189915243e+01
5.201425047958344550e+01
5.301452452726774567e+01
5.401479857495204584e+01
5.501507262263633891e+01
5.601534667032063908e+01
5.701562071800493214e+01
5.801589476568923232e+01
5.901616881337352538e+01
6.001644286105782555e+01
6.101671690874212572e+01
6.201699095642641879e+01
6.301726500411071896e+01
6.401753905179501203e+01
6.501781309947931220e+01
6.601808714716361237e+01
6.701836119484789833e+01
6.801863524253219850e+01
6.901890929021649868e+01
7.001918333790079885e+01
7.101945738558509902e+01
7.201973143326938498e+01
7.302000548095368515e+01
7.402027952863798532e+01
7.502055357632228549e+01
7.602082762400658567e+01
7.702110167169087163e+01
7.802137571937517180e+01
7.902164976705947197e+01
8.002192381474377214e+01
8.102219786242805810e+01
8.202247191011235827e+01
8.302274595779665844e+01
8.402302000548095862e+01
8.502329405316525879e+01
8.602356810084954475e+01
8.702384214853384492e+01
8.802411619621814509e+01
8.902439024390244526e+01
9.002466429158673122e+01
9.102493833927103140e+01
9.202521238695533157e+01
9.302548643463963174e+01
9.402576048232393191e+01
9.502603453000821787e+01
9.602630857769251804e+01
9.702658262537681821e+01
9.802685667306111839e+01
9.902713072074541856e+01
1.000274047684297045e+02
1.010276788161140047e+02
1.020279528637983049e+02
1.030282269114826050e+02
1.040285009591668910e+02
1.050287750068511912e+02
1.060290490545354913e+02
1.070293231022197915e+02
1.080295971499040917e+02
1.090298711975883776e+02
1.100301452452726778e+02
1.110304192929569780e+02
1.120306933406412782e+02
1.130309673883255783e+02
1.140312414360098643e+02
1.150315154836941645e+02
1.160317895313784646e+02
1.170320635790627648e+02
1.180323376267470508e+02
1.190326116744313509e+02
1.200328857221156511e+02
1.210331597697999513e+02
1.220334338174842514e+02
1.230337078651685374e+02
1.240339819128528376e+02
1.250342559605371378e+02
1.260345300082214379e+02
1.270348040559057239e+02
1.280350781035900241e+02
1.290353521512743384e+02
1.300356261989586244e+02
1.310359002466429104e+02
1.320361742943272247e+02
1.330364483420115107e+02
1.340367223896957967e+02
1.350369964373801110e+02
1.360372704850643970e+02
1.370375445327487114e+02
1.380378185804329974e+02
1.390380926281172833e+02
1.400383666758015977e+02
1.410386407234858837e+02
1.420389147711701980e+02
1.430391888188544840e+02
1.440394628665387700e+02
1.450397369142230843e+02
1.460400109619073703e+02
1.470402850095916847e+02
1.480405590572759706e+02
1.490408331049602566e+02
1.500411071526445710e+02
1.510413812003288569e+02
1.520416552480131713e+02
1.530419292956974573e+02
1.540422033433817433e+02
1.550424773910660576e+02
1.560427514387503436e+02
1.570430254864346296e+02
1.580432995341189439e+02
1.590435735818032299e+02
1.600438476294875443e+02
1.610441216771718302e+02
1.620443957248561162e+02
1.630446697725404306e+02
1.640449438202247165e+02
1.650452178679090309e+02
1.660454919155933169e+02
1.670457659632776029e+02
1.680460400109619172e+02
1.690463140586462032e+02
1.700465881063305176e+02
1.710468621540148035e+02
1.720471362016990895e+02
1.730474102493834039e+02
1.740476842970676898e+02
1.750479583447520042e+02
1.760482323924362902e+02
1.770485064401205761e+02
1.780487804878048905e+02
1.790490545354891765e+02
1.800493285831734624e+02
1.810496026308577768e+02
1.820498766785420628e+02
1.830501507262263772e+02
1.840504247739106631e+02
1.850506988215949491e+02
1.860509728692792635e+02
1.870512469169635494e+02
1.880515209646478638e+02
1.890517950123321498e+02
1.900520690600164357e+02
1.910523431077007501e+02
1.920526171553850361e+02
1.930528912030693505e+02
1.940531652507536364e+02
1.950534392984379224e+02
1.960537133461222368e+02
1.970539873938065227e+02
1.980542614414908371e+02
1.990545354891751231e+02
2.000548095368594090e+02
2.010550835845437234e+02
2.020553576322280094e+02
2.030556316799122953e+02
2.040559057275966097e+02
2.050561797752808957e+02
2.060564538229652101e+02
2.070567278706494960e+02
2.080570019183337820e+02
2.090572759660180964e+02
2.100575500137023823e+02
2.110578240613866967e+02
2.120580981090709827e+02
2.130583721567552686e+02
2.140586462044395830e+02
2.150589202521238690e+02
2.160591942998081834e+02
2.170594683474924693e+02
2.180597423951767553e+02
2.190600164428610697e+02
2.200602904905453556e+02
2.210605645382296700e+02
2.220608385859139560e+02
2.230611126335982419e+02
2.240613866812825563e+02
2.250616607289668423e+02
2.260619347766511567e+02
2.270622088243354426e+02
2.280624828720197286e+02
2.290627569197040430e+02
2.300630309673883289e+02
2.310633050150726149e+02
2.320635790627569293e+02
2.330638531104412152e+02
2.340641271581255296e+02
2.350644012058098156e+02
2.360646752534941015e+02
2.370649493011784159e+02
2.380652233488627019e+02
2.390654973965470163e+02
2.400657714442313022e+02
2.410660454919155882e+02
2.420663195395999026e+02
2.430665935872841885e+02
2.440668676349685029e+02
2.450671416826527889e+02
2.460674157303370748e+02
2.470676897780213892e+02
2.480679638257056752e+02
2.490682378733899895e+02
2.500685119210742755e+02
2.510687859687585615e+02
2.520690600164428758e+02
2.530693340641271618e+02
2.540696081118114478e+02
2.550698821594957622e+02
2.560701562071800481e+02
2.570704302548643341e+02
2.580707043025486769e+02
2.590709783502329628e+02
2.600712523979172488e+02
2.610715264456015348e+02
2.620718004932858207e+02
2.630720745409701067e+02
2.640723485886544495e+02
2.650726226363387354e+02
2.660728966840230214e+02
2.670731707317073074e+02
2.680734447793915933e+02
2.690737188270759361e+02
2.700739928747602221e+02
2.710742669224445081e+02
2.720745409701287940e+02
2.730748150178130800e+02
2.740750890654974228e+02
2.750753631131817087e+02
2.760756371608659947e+02
2.770759112085502807e+02
2.780761852562345666e+02
2.790764593039189094e+02
2.800767333516031954e+02
2.810770073992874813e+02
2.820772814469717673e+02
2.830775554946560533e+02
2.840778295423403961e+02
2.850781035900246820e+02
2.860783776377089680e+02
2.870786516853932540e+02
2.880789257330775399e+02
2.890791997807618827e+02
2.900794738284461687e+02
2.910797478761304546e+02
2.920800219238147406e+02
2.930802959714990266e+02
2.940805700191833694e+02
2.950808440668676553e+02
2.960811181145519413e+02
2.970813921622362273e+02
2.980816662099205132e+02
2.990819402576048560e+02
3.000822143052891420e+02
3.010824883529734279e+02
3.020827624006577139e+02
3.030830364483419999e+02
3.040833104960263427e+02
3.050835845437106286e+02
3.060838585913949146e+02
3.070841326390792005e+02
3.080844066867634865e+02
3.090846807344478293e+02
3.100849547821321153e+02
3.110852288298164012e+02
3.120855028775006872e+02
3.130857769251849732e+02
3.140860509728692591e+02
3.150863250205536019e+02
3.160865990682378879e+02
3.170868731159221738e+02
3.180871471636064598e+02
3.190874212112907458e+02
3.200876952589750886e+02
3.210879693066593745e+02
3.220882433543436605e+02
3.230885174020279464e+02
3.240887914497122324e+02
3.250890654973965752e+02
3.260893395450808612e+02
3.270896135927651471e+02
3.280898876404494331e+02
3.290901616881337191e+02
3.300904357358180619e+02
3.310907097835023478e+02
3.320909838311866338e+02
3.330912578788709197e+02
3.340915319265552057e+02
3.350918059742395485e+02
3.360920800219238345e+02
3.370923540696081204e+02
3.380926281172924064e+02
3.390929021649766923e+02
3.400931762126610352e+02
3.410934502603453211e+02
3.420937243080296071e+02
3.430939983557138930e+02
3.440942724033981790e+02
3.450945464510825218e+02
3.460948204987668078e+02
3.470950945464510937e+02
3.480953685941353797e+02
3.490956426418196656e+02
3.500959166895040084e+02
3.510961907371882944e+02
3.520964647848725804e+02
3.530967388325568663e+02
3.540970128802411523e+02
3.550972869279254951e+02
3.560975609756097811e+02
3.570978350232940670e+02
3.580981090709783530e+02
3.590983831186626389e+02
3.600986571663469249e+02
3.610989312140312677e+02
3.620992052617155537e+02
3.630994793093998396e+02
3.640997533570841256e+02
